144 labelled objects, 20 road users
  class      visible box            amodal box             occlusion  distance
  car        [390, 508, 204, 212]   [390, 508, 204, 212]        0.00    14.9 m
  car        [931, 276, 68, 41]     [931, 276, 68, 41]          0.02    45.6 m
  pedestrian [253, 409, 32, 77]     [253, 409, 33, 80]          0.04    22.2 m
  car        [944, 222, 44, 34]     [944, 222, 44, 34]          0.00    70.9 m
  pedestrian [281, 404, 37, 70]     [281, 404, 38, 85]          0.43    21.9 m
  car        [847, 216, 35, 30]     [847, 216, 35, 30]          0.00    75.9 m
  pedestrian [1242, 306, 31, 52]    [1242, 306, 31, 52]         0.00    39.6 m
  car        [452, 283, 27, 27]     [377, 272, 102, 40]         0.80    45.4 m
  car        [720, 217, 29, 25]     [720, 217, 29, 25]          0.00    77.4 m
  truck      [884, 188, 24, 24]     [884, 188, 24, 24]          0.02   115.7 m
  pedestrian [485, 287, 14, 43]     [485, 287, 14, 43]          0.00    38.8 m
  pedestrian [450, 371, 25, 77]     [450, 371, 25, 77]          0.66    23.9 m
  car        [799, 196, 24, 21]     [799, 196, 24, 22]          0.07   104.7 m
  car        [804, 213, 23, 19]     [804, 213, 23, 19]          0.00    87.6 m
  truck      [741, 189, 20, 26]     [739, 189, 22, 26]          0.30   107.8 m
  car        [874, 208, 24, 18]     [874, 208, 24, 18]          0.12    94.9 m
  car        [777, 190, 34, 11]     [777, 190, 35, 12]          0.10   134.1 m
  pedestrian [1080, 237, 11, 30]    [1080, 237, 11, 30]         0.00    63.7 m
  pedestrian [1030, 230, 12, 28]    [1030, 230, 12, 28]         0.00    68.0 m
  pedestrian [638, 232, 10, 28]     [638, 232, 10, 28]          0.00    62.1 m
